0.0879397 11.0316
0.263819 21.5058
0.439698 31.4503
0.615578 40.8917
0.791457 49.855
0.967337 58.3642
1.14322 66.4421
1.3191 74.1101
1.49497 81.3889
1.67085 88.298
1.84673 94.8559
2.02261 101.08
2.19849 106.988
2.37437 112.594
2.55025 117.915
2.72613 122.965
2.90201 127.757
3.07789 132.304
3.25377 136.618
3.42965 140.712
3.60553 144.597
3.78141 148.282
3.95729 151.779
4.13317 155.096
4.30905 158.243
4.48492 161.228
4.6608 164.06
4.83668 166.746
5.01256 169.294
5.18844 171.714
5.36432 174.016
5.5402 176.208
5.71608 178.3
5.89196 180.299
6.06784 182.212
6.24372 184.043
6.4196 185.799
6.59548 187.483
6.77136 189.102
6.94724 190.657
7.12312 192.154
7.29899 193.595
7.47487 194.984
7.65075 196.323
7.82663 197.614
8.00251 198.861
8.17839 200.065
8.35427 201.229
8.53015 202.353
8.70603 203.442
8.88191 204.494
9.05779 205.514
9.23367 206.501
9.40955 207.457
9.58543 208.384
9.76131 209.282
9.93719 210.152
10.1131 210.995
10.2889 211.815
10.4648 212.613
10.6407 213.391
10.8166 214.148
10.9925 214.884
11.1683 215.594
11.3442 216.276
11.5201 216.931
11.696 217.56
11.8719 218.165
12.0477 218.747
12.2236 219.307
12.3995 219.845
12.5754 220.363
12.7513 220.861
12.9271 221.341
13.103 221.802
13.2789 222.247
13.4548 222.675
13.6307 223.088
13.8065 223.486
13.9824 223.869
14.1583 224.238
14.3342 224.594
14.5101 224.938
14.6859 225.269
14.8618 225.588
15.0377 225.897
15.2136 226.194
15.3894 226.481
15.5653 226.759
15.7412 227.028
15.9171 227.288
16.093 227.54
16.2688 227.784
16.4447 228.02
16.6206 228.25
16.7965 228.472
16.9724 228.688
17.1482 228.898
17.3241 229.101
17.5 229.299
17.6759 229.491
17.8518 229.678
18.0276 229.86
18.2035 230.037
18.3794 230.209
18.5553 230.376
18.7312 230.539
18.907 230.698
19.0829 230.852
19.2588 231.003
19.4347 231.149
19.6106 231.292
19.7864 231.432
19.9623 231.567
20.1382 231.699
20.3141 231.827
20.4899 231.952
20.6658 232.073
20.8417 232.192
21.0176 232.307
21.1935 232.419
21.3693 232.528
21.5452 232.634
21.7211 232.738
21.897 232.839
22.0729 232.937
22.2487 233.033
22.4246 233.127
22.6005 233.218
22.7764 233.307
22.9523 233.394
23.1281 233.478
23.304 233.561
23.4799 233.641
23.6558 233.72
23.8317 233.797
24.0075 233.871
24.1834 233.944
24.3593 234.016
24.5352 234.085
24.7111 234.153
24.8869 234.219
25.0628 234.284
25.2387 234.347
25.4146 234.409
25.5905 234.469
25.7663 234.528
25.9422 234.586
26.1181 234.642
26.294 234.697
26.4698 234.75
26.6457 234.803
26.8216 234.854
26.9975 234.904
27.1734 234.953
27.3492 235.001
27.5251 235.048
27.701 235.094
27.8769 235.138
28.0528 235.182
28.2286 235.225
28.4045 235.267
28.5804 235.308
28.7563 235.348
28.9322 235.387
29.108 235.425
29.2839 235.463
29.4598 235.499
29.6357 235.535
29.8116 235.57
29.9874 235.605
30.1633 235.639
30.3392 235.671
30.5151 235.704
30.691 235.735
30.8668 235.766
31.0427 235.797
31.2186 235.826
31.3945 235.856
31.5704 235.884
31.7462 235.912
31.9221 235.94
32.098 235.966
32.2739 235.993
32.4497 236.019
32.6256 236.044
32.8015 236.069
32.9774 236.093
33.1533 236.117
33.3291 236.14
33.505 236.163
33.6809 236.185
33.8568 236.207
34.0327 236.228
34.2085 236.249
34.3844 236.27
34.5603 236.29
34.7362 236.31
34.9121 236.33
35.0879 236.349
35.2638 236.368
35.4397 236.386
35.6156 236.404
35.7915 236.422
35.9673 236.439
36.1432 236.456
36.3191 236.473
36.495 236.489
36.6709 236.505
36.8467 236.521
37.0226 236.537
37.1985 236.552
37.3744 236.567
37.5503 236.581
37.7261 236.596
37.902 236.61
38.0779 236.624
38.2538 236.638
38.4296 236.651
38.6055 236.664
38.7814 236.677
38.9573 236.69
39.1332 236.703
39.309 236.715
39.4849 236.727
39.6608 236.739
39.8367 236.751
40.0126 236.762
40.1884 236.774
40.3643 236.785
40.5402 236.796
40.7161 236.807
40.892 236.817
41.0678 236.828
41.2437 236.838
41.4196 236.848
41.5955 236.858
41.7714 236.868
41.9472 236.878
42.1231 236.887
42.299 236.896
42.4749 236.906
42.6508 236.915
42.8266 236.924
43.0025 236.932
43.1784 236.941
43.3543 236.95
43.5302 236.958
43.706 236.966
43.8819 236.974
44.0578 236.982
44.2337 236.99
44.4095 236.998
44.5854 237.006
44.7613 237.013
44.9372 237.021
45.1131 237.028
45.2889 237.035
45.4648 237.043
45.6407 237.05
45.8166 237.057
45.9925 237.063
46.1683 237.07
46.3442 237.077
46.5201 237.083
46.696 237.09
46.8719 237.096
47.0477 237.103
47.2236 237.109
47.3995 237.115
47.5754 237.121
47.7513 237.127
47.9271 237.133
48.103 237.139
48.2789 237.144
48.4548 237.15
48.6307 237.156
48.8065 237.161
48.9824 237.167
49.1583 237.172
49.3342 237.177
49.5101 237.183
49.6859 237.188
49.8618 237.193
50.0377 237.198
50.2136 237.203
50.3894 237.208
50.5653 237.213
50.7412 237.218
50.9171 237.223
51.093 237.227
51.2688 237.232
51.4447 237.237
51.6206 237.241
51.7965 237.246
51.9724 237.25
52.1482 237.254
52.3241 237.259
52.5 237.263
52.6759 237.267
52.8518 237.272
53.0276 237.276
53.2035 237.28
53.3794 237.284
53.5553 237.288
53.7312 237.292
53.907 237.296
54.0829 237.3
54.2588 237.304
54.4347 237.308
54.6106 237.311
54.7864 237.315
54.9623 237.319
55.1382 237.322
55.3141 237.326
55.4899 237.33
55.6658 237.333
55.8417 237.337
56.0176 237.34
56.1935 237.343
56.3693 237.347
56.5452 237.35
56.7211 237.353
56.897 237.357
57.0729 237.36
57.2487 237.363
57.4246 237.366
57.6005 237.369
57.7764 237.372
57.9523 237.376
58.1281 237.379
58.304 237.382
58.4799 237.384
58.6558 237.387
58.8317 237.39
59.0075 237.393
59.1834 237.396
59.3593 237.399
59.5352 237.401
59.7111 237.404
59.8869 237.407
60.0628 237.41
60.2387 237.412
60.4146 237.415
60.5905 237.417
60.7663 237.42
60.9422 237.422
61.1181 237.425
61.294 237.427
61.4698 237.43
61.6457 237.432
61.8216 237.435
61.9975 237.437
62.1734 237.439
62.3492 237.442
62.5251 237.444
62.701 237.446
62.8769 237.448
63.0528 237.451
63.2286 237.453
63.4045 237.455
63.5804 237.457
63.7563 237.459
63.9322 237.461
64.108 237.463
64.2839 237.465
64.4598 237.467
64.6357 237.469
64.8116 237.471
64.9874 237.473
65.1633 237.475
65.3392 237.477
65.5151 237.479
65.691 237.481
65.8668 237.482
66.0427 237.484
66.2186 237.486
66.3945 237.488
66.5704 237.489
66.7462 237.491
66.9221 237.493
67.098 237.495
67.2739 237.496
67.4497 237.498
67.6256 237.499
67.8015 237.501
67.9774 237.503
68.1533 237.504
68.3291 237.506
68.505 237.507
68.6809 237.509
68.8568 237.51
69.0327 237.512
69.2085 237.513
69.3844 237.515
69.5603 237.516
69.7362 237.517
69.9121 237.519
