0.0879397 -7469.39
0.263819 -14561.3
0.439698 -21294.6
0.615578 -27687.3
0.791457 -33756.2
0.967337 -39517.7
1.14322 -44987.1
1.3191 -50179.1
1.49497 -55107.5
1.67085 -59785.5
1.84673 -64225.8
2.02261 -68440.2
2.19849 -72440.1
2.37437 -76236.3
2.55025 -79839
2.72613 -83257.9
2.90201 -86502.4
3.07789 -89581.1
3.25377 -92502.5
3.42965 -95274.5
3.60553 -97904.6
3.78141 -100400
3.95729 -102767
4.13317 -105014
4.30905 -107144
4.48492 -109166
4.6608 -111083
4.83668 -112902
5.01256 -114627
5.18844 -116265
5.36432 -117824
5.5402 -119309
5.71608 -120725
5.89196 -117697
6.06784 -110416
6.24372 -103443
6.4196 -96757.7
6.59548 -90342.3
6.77136 -84180.2
6.94724 -78256.3
7.12312 -72556.8
7.29899 -67069.2
7.47487 -61781.9
7.65075 -56684.3
7.82663 -51766.5
8.00251 -47019.4
8.17839 -42434.6
8.35427 -38004.2
8.53015 -33720.9
8.70603 -29578
8.88191 -25569
9.05779 -21688
9.23367 -17929.4
9.40955 -14288
9.58543 -10758.9
9.76131 -7337.36
9.93719 -4026.56
10.1131 -817.598
10.2889 2305.33
10.4648 5345.42
10.6407 8305.73
10.8166 11189.1
10.9925 13991.1
11.1683 16694.8
11.3442 19291.4
11.5201 21785.9
11.696 22799.3
11.8719 22389.6
12.0477 21995.7
12.2236 21616.9
12.3995 21252.5
12.5754 20901.9
12.7513 20564.5
12.9271 20239.8
13.103 19927.1
13.2789 19626
13.4548 19336
13.6307 19056.6
13.8065 18787.4
13.9824 18527.9
14.1583 18277.8
14.3342 18036.7
14.5101 17804.2
14.6859 17580
14.8618 17363.7
15.0377 17155
15.2136 16953.5
15.3894 16758.9
15.5653 16570.8
15.7412 16388.9
15.9171 16212.8
16.093 16042.2
16.2688 15877
16.4447 15716.9
16.6206 15561.6
16.7965 15411
16.9724 15264.8
17.1482 15122.8
17.3241 14985
17.5 14851.1
17.6759 14720.9
17.8518 14594.4
18.0276 14471.3
18.2035 14351.6
18.3794 14235.2
18.5553 14121.8
18.7312 14011.5
18.907 13904.1
19.0829 13799.5
19.2588 13697.6
19.4347 13598.3
19.6106 13501.6
19.7864 13407.3
19.9623 13315.5
20.1382 13226.3
20.3141 13139.5
20.4899 13055
20.6658 12972.8
20.8417 12892.7
21.0176 12814.8
21.1935 12738.9
21.3693 12664.9
21.5452 12592.9
21.7211 12522.7
21.897 12454.3
22.0729 12387.7
22.2487 12322.7
22.4246 12259.4
22.6005 12197.6
22.7764 12137.4
22.9523 12078.7
23.1281 12021.4
23.304 11965.5
23.4799 11911
23.6558 11857.9
23.8317 11806
24.0075 11755.3
24.1834 11705.9
24.3593 11657.7
24.5352 11610.6
24.7111 11564.6
24.8869 11519.8
25.0628 11475.9
25.2387 11433.1
25.4146 11391.3
25.5905 11350.5
25.7663 11310.6
25.9422 11271.7
26.1181 11233.6
26.294 11196.4
26.4698 11160.1
26.6457 11124.6
26.8216 11089.9
26.9975 11056
27.1734 11022.8
27.3492 10990.4
27.5251 10958.7
27.701 10927.7
27.8769 10897.4
28.0528 10867.8
28.2286 10838.8
28.4045 10810.5
28.5804 10782.8
28.7563 10755.7
28.9322 10729.2
29.108 10703.2
29.2839 10677.8
29.4598 10653
29.6357 10628.7
29.8116 10604.9
29.9874 10581.6
30.1633 10558.8
30.3392 10536.5
30.5151 10514.6
30.691 10493.2
30.8668 10472.2
31.0427 10451.7
31.2186 10431.6
31.3945 10411.8
31.5704 10392.5
31.7462 10373.6
31.9221 10355
32.098 10336.8
32.2739 10319
32.4497 10301.5
32.6256 10284.4
32.8015 10267.7
32.9774 10251.2
33.1533 10235.2
33.3291 10219.4
33.505 10203.9
33.6809 10188.8
33.8568 10174
34.0327 10159.4
34.2085 10145.2
34.3844 10131.2
34.5603 10117.5
34.7362 10104
34.9121 10090.8
35.0879 10077.9
35.2638 10065.2
35.4397 10052.8
35.6156 10040.6
35.7915 10028.6
35.9673 10016.8
36.1432 10005.3
36.3191 9993.99
36.495 9982.89
36.6709 9971.98
36.8467 9961.27
37.0226 9950.76
37.1985 9940.44
37.3744 9930.3
37.5503 9920.35
37.7261 9910.57
37.902 9900.97
38.0779 9891.53
38.2538 9882.26
38.4296 9873.15
38.6055 9864.2
38.7814 9855.4
38.9573 9846.75
39.1332 9838.25
39.309 9829.9
39.4849 9821.68
39.6608 9813.6
39.8367 9805.66
40.0126 9797.85
40.1884 9790.17
40.3643 9782.61
40.5402 9775.18
40.7161 9767.87
40.892 9760.67
41.0678 9753.6
41.2437 9746.63
41.4196 9739.78
41.5955 9733.03
41.7714 9726.4
41.9472 9719.86
42.1231 9713.43
42.299 9707.1
42.4749 9700.86
42.6508 9694.72
42.8266 9688.68
43.0025 9682.73
43.1784 9676.87
43.3543 9671.09
43.5302 9665.4
43.706 9659.8
43.8819 9654.28
44.0578 9648.85
44.2337 9643.49
44.4095 9638.21
44.5854 9633.01
44.7613 9627.89
44.9372 9622.84
45.1131 9617.86
45.2889 9612.95
45.4648 9608.12
45.6407 9603.35
45.8166 9598.65
45.9925 9594.01
46.1683 9589.44
46.3442 9584.94
46.5201 9580.5
46.696 9576.12
46.8719 9571.8
47.0477 9567.54
47.2236 9563.34
47.3995 9559.19
47.5754 9555.1
47.7513 9551.05
47.9271 9547.06
48.103 9543.12
48.2789 9539.23
48.4548 9535.38
48.6307 9531.59
48.8065 9527.84
48.9824 9524.14
49.1583 9520.48
49.3342 9516.87
49.5101 9513.3
49.6859 9509.78
49.8618 9506.3
50.0377 9502.86
50.2136 9499.46
50.3894 9496.11
50.5653 9492.79
50.7412 9489.52
50.9171 9486.29
51.093 9483.09
51.2688 9479.94
51.4447 9476.82
51.6206 9473.73
51.7965 9470.68
51.9724 9467.67
52.1482 9464.68
52.3241 9461.73
52.5 9458.81
52.6759 9455.93
52.8518 9453.07
53.0276 9450.25
53.2035 9447.46
53.3794 9444.7
53.5553 9441.97
53.7312 9439.27
53.907 9436.6
54.0829 9433.96
54.2588 9431.35
54.4347 9428.77
54.6106 9426.21
54.7864 9423.69
54.9623 9421.19
55.1382 9418.72
55.3141 9416.28
55.4899 9413.86
55.6658 9411.47
55.8417 9409.11
56.0176 9406.77
56.1935 9404.46
56.3693 9402.18
56.5452 9399.92
56.7211 9397.68
56.897 9395.47
57.0729 9393.29
57.2487 9391.13
57.4246 9388.99
57.6005 9386.88
57.7764 9384.79
57.9523 9382.72
58.1281 9380.68
58.304 9378.66
58.4799 9376.66
58.6558 9374.69
58.8317 9372.73
59.0075 9370.8
59.1834 9368.89
59.3593 9367
59.5352 9365.14
59.7111 9363.29
59.8869 9361.46
60.0628 9359.66
60.2387 9357.88
60.4146 9356.11
60.5905 9354.37
60.7663 9352.64
60.9422 9350.94
61.1181 9349.25
61.294 9347.59
61.4698 9345.94
61.6457 9344.31
61.8216 9342.7
61.9975 9341.11
62.1734 9339.53
62.3492 9337.98
62.5251 9336.44
62.701 9334.92
62.8769 9333.41
63.0528 9331.93
63.2286 9330.46
63.4045 9329.01
63.5804 9327.57
63.7563 9326.15
63.9322 9324.75
64.108 9323.36
64.2839 9321.99
64.4598 9320.64
64.6357 9319.3
64.8116 9317.98
64.9874 9316.67
65.1633 9315.38
65.3392 9314.1
65.5151 9312.84
65.691 9311.59
65.8668 9310.35
66.0427 9309.14
66.2186 9307.93
66.3945 9306.74
66.5704 9305.56
66.7462 9304.4
66.9221 9303.25
67.098 9302.12
67.2739 9301
67.4497 9299.89
67.6256 9298.79
67.8015 9297.71
67.9774 9296.64
68.1533 9295.58
68.3291 9294.54
68.505 9293.51
68.6809 9292.49
68.8568 9291.48
69.0327 9290.49
69.2085 9289.51
69.3844 9288.53
69.5603 9287.58
69.7362 9286.63
69.9121 9285.69
