0 0
0.1 100.541
0.2 198.146
0.3 292.901
0.4 384.888
0.5 474.186
0.6 560.873
0.7 645.025
0.8 726.715
0.9 806.014
1 882.991
1.1 957.713
1.2 1030.25
1.3 1100.65
1.4 1168.99
1.5 1235.33
1.6 1299.72
1.7 1362.22
1.8 1422.89
1.9 1481.77
2 1538.92
2.1 1594.39
2.2 1648.23
2.3 1700.49
2.4 1751.21
2.5 1800.43
2.6 1848.21
2.7 1894.57
2.8 1939.57
2.9 1983.24
3 2025.63
3.1 2066.76
3.2 2106.68
3.3 2145.42
3.4 2183.01
3.5 2219.49
3.6 2254.89
3.7 2289.25
3.8 2322.59
3.9 2354.94
4 2386.33
4.1 2416.79
4.2 2446.35
4.3 2475.04
4.4 2502.87
4.5 2529.87
4.6 2556.07
4.7 2581.5
4.8 2606.17
4.9 2630.1
5 2653.32
5.1 2675.86
5.2 2697.73
5.3 2718.98
5.4 2739.63
5.5 2759.7
5.6 2779.22
5.7 2798.22
5.8 2816.71
5.9 2834.72
6 2852.27
6.1 2869.37
6.2 2886.04
6.3 2902.3
6.4 2918.16
6.5 2933.64
6.6 2948.76
6.7 2963.51
6.8 2977.93
6.9 2992.01
7 3005.78
7.1 3019.23
7.2 3032.39
7.3 3045.26
7.4 3057.85
7.5 3070.16
7.6 3082.22
7.7 3094.02
7.8 3105.58
7.9 3116.89
8 3127.97
8.1 3138.83
8.2 3149.47
8.3 3159.9
8.4 3170.12
8.5 3180.14
8.6 3189.96
8.7 3199.6
8.8 3209.04
8.9 3218.31
9 3227.41
9.1 3236.33
9.2 3245.09
9.3 3253.68
9.4 3262.12
9.5 3270.4
9.6 3278.53
9.7 3286.52
9.8 3294.36
9.9 3302.07
10 3309.61
10.1 3317.02
10.2 3324.3
10.3 3331.47
10.4 3338.53
10.5 3345.48
10.6 3352.32
10.7 3359.05
10.8 3365.68
10.9 3372.21
11 3378.65
11.1 3384.96
11.2 3391.13
11.3 3397.16
11.4 3403.05
11.5 3408.81
11.6 3414.43
11.7 3419.92
11.8 3425.29
11.9 3430.54
12 3435.67
12.1 3440.69
12.2 3445.59
12.3 3450.39
12.4 3455.07
12.5 3459.66
12.6 3464.14
12.7 3468.53
12.8 3472.81
12.9 3477.01
13 3481.11
13.1 3485.13
13.2 3489.06
13.3 3492.9
13.4 3496.66
13.5 3500.34
13.6 3503.95
13.7 3507.47
13.8 3510.92
13.9 3514.3
14 3517.61
14.1 3520.85
14.2 3524.02
14.3 3527.12
14.4 3530.16
14.5 3533.14
14.6 3536.05
14.7 3538.9
14.8 3541.7
14.9 3544.44
15 3547.12
15.1 3549.75
15.2 3552.32
15.3 3554.85
15.4 3557.32
15.5 3559.74
15.6 3562.12
15.7 3564.45
15.8 3566.74
15.9 3568.99
16 3571.19
16.1 3573.35
16.2 3575.47
16.3 3577.55
16.4 3579.6
16.5 3581.61
16.6 3583.58
16.7 3585.52
16.8 3587.42
16.9 3589.29
17 3591.13
17.1 3592.94
17.2 3594.71
17.3 3596.46
17.4 3598.18
17.5 3599.86
17.6 3601.52
17.7 3603.15
17.8 3604.76
17.9 3606.34
18 3607.89
18.1 3609.42
18.2 3610.92
18.3 3612.4
18.4 3613.85
18.5 3615.28
18.6 3616.69
18.7 3618.08
18.8 3619.44
18.9 3620.79
19 3622.11
19.1 3623.41
19.2 3624.69
19.3 3625.96
19.4 3627.2
19.5 3628.42
19.6 3629.63
19.7 3630.82
19.8 3631.99
19.9 3633.14
20 3634.27
20.1 3635.39
20.2 3636.48
20.3 3637.56
20.4 3638.62
20.5 3639.67
20.6 3640.7
20.7 3641.71
20.8 3642.71
20.9 3643.69
21 3644.65
21.1 3645.6
21.2 3646.54
21.3 3647.46
21.4 3648.37
21.5 3649.26
21.6 3650.14
21.7 3651.01
21.8 3651.86
21.9 3652.7
22 3653.53
22.1 3654.34
22.2 3655.15
22.3 3655.94
22.4 3656.72
22.5 3657.49
22.6 3658.24
22.7 3658.99
22.8 3659.72
22.9 3660.45
23 3661.16
23.1 3661.86
23.2 3662.56
23.3 3663.24
23.4 3663.91
23.5 3664.57
23.6 3665.23
23.7 3665.87
23.8 3666.51
23.9 3667.13
24 3667.75
24.1 3668.36
24.2 3668.96
24.3 3669.55
24.4 3670.14
24.5 3670.71
24.6 3671.28
24.7 3671.84
24.8 3672.39
24.9 3672.93
25 3673.47
25.1 3674
25.2 3674.52
25.3 3675.03
25.4 3675.54
25.5 3676.04
25.6 3676.54
25.7 3677.02
25.8 3677.5
25.9 3677.98
26 3678.45
26.1 3678.91
26.2 3679.36
26.3 3679.81
26.4 3680.25
26.5 3680.69
26.6 3681.12
26.7 3681.55
26.8 3681.97
26.9 3682.38
27 3682.79
27.1 3683.2
27.2 3683.6
27.3 3683.99
27.4 3684.38
27.5 3684.76
27.6 3685.14
27.7 3685.51
27.8 3685.88
27.9 3686.25
28 3686.6
28.1 3686.96
28.2 3687.31
28.3 3687.66
28.4 3688
28.5 3688.33
28.6 3688.67
28.7 3689
28.8 3689.32
28.9 3689.64
29 3689.96
29.1 3690.27
29.2 3690.58
29.3 3690.88
29.4 3691.18
29.5 3691.48
29.6 3691.77
29.7 3692.06
29.8 3692.35
29.9 3692.63
30 3692.91
30.1 3693.19
30.2 3693.46
30.3 3693.73
30.4 3694
30.5 3694.26
30.6 3694.52
30.7 3694.78
30.8 3695.03
30.9 3695.28
31 3695.53
31.1 3695.77
31.2 3696.02
31.3 3696.25
31.4 3696.49
31.5 3696.72
31.6 3696.95
31.7 3697.18
31.8 3697.41
31.9 3697.63
32 3697.85
32.1 3698.07
32.2 3698.28
32.3 3698.49
32.4 3698.7
32.5 3698.91
32.6 3699.12
32.7 3699.32
32.8 3699.52
32.9 3699.72
33 3699.91
33.1 3700.1
33.2 3700.3
33.3 3700.48
33.4 3700.67
33.5 3700.85
33.6 3701.04
33.7 3701.22
33.8 3701.39
33.9 3701.57
34 3701.74
34.1 3701.92
34.2 3702.09
34.3 3702.25
34.4 3702.42
34.5 3702.58
34.6 3702.75
34.7 3702.91
34.8 3703.07
34.9 3703.22
35 3703.38
35.1 3703.53
35.2 3703.68
35.3 3703.83
35.4 3703.98
35.5 3704.13
35.6 3704.27
35.7 3704.42
35.8 3704.56
35.9 3704.7
36 3704.84
36.1 3704.98
36.2 3705.11
36.3 3705.25
36.4 3705.38
36.5 3705.51
36.6 3705.64
36.7 3705.77
36.8 3705.9
36.9 3706.03
37 3706.15
37.1 3706.28
37.2 3706.4
37.3 3706.52
37.4 3706.64
37.5 3706.76
37.6 3706.88
37.7 3706.99
37.8 3707.11
37.9 3707.22
38 3707.34
38.1 3707.45
38.2 3707.56
38.3 3707.67
38.4 3707.78
38.5 3707.89
38.6 3707.99
38.7 3708.1
38.8 3708.2
38.9 3708.3
39 3708.41
39.1 3708.51
39.2 3708.61
39.3 3708.71
39.4 3708.81
39.5 3708.9
39.6 3709
39.7 3709.1
39.8 3709.19
39.9 3709.28
40 3709.38
40.1 3709.47
40.2 3709.56
40.3 3709.65
40.4 3709.74
40.5 3709.83
40.6 3709.92
40.7 3710
40.8 3710.09
40.9 3710.17
41 3710.26
41.1 3710.34
41.2 3710.43
41.3 3710.51
41.4 3710.59
41.5 3710.67
41.6 3710.75
41.7 3710.83
41.8 3710.91
41.9 3710.99
42 3711.06
42.1 3711.14
42.2 3711.22
42.3 3711.29
42.4 3711.37
42.5 3711.44
42.6 3711.51
42.7 3711.59
42.8 3711.66
42.9 3711.73
43 3711.8
43.1 3711.87
43.2 3711.94
43.3 3712.01
43.4 3712.08
43.5 3712.14
43.6 3712.21
43.7 3712.28
43.8 3712.34
43.9 3712.41
44 3712.47
44.1 3712.54
44.2 3712.6
44.3 3712.67
44.4 3712.73
44.5 3712.79
44.6 3712.85
44.7 3712.91
44.8 3712.97
44.9 3713.03
45 3713.09
45.1 3713.15
45.2 3713.21
45.3 3713.27
45.4 3713.33
45.5 3713.38
45.6 3713.44
45.7 3713.5
45.8 3713.55
45.9 3713.61
46 3713.66
46.1 3713.72
46.2 3713.77
46.3 3713.83
46.4 3713.88
46.5 3713.93
46.6 3713.98
46.7 3714.04
46.8 3714.09
46.9 3714.14
47 3714.19
47.1 3714.24
47.2 3714.29
47.3 3714.34
47.4 3714.39
47.5 3714.44
47.6 3714.49
47.7 3714.53
47.8 3714.58
47.9 3714.63
48 3714.68
48.1 3714.72
48.2 3714.77
48.3 3714.82
48.4 3714.86
48.5 3714.91
48.6 3714.95
48.7 3715
48.8 3715.04
48.9 3715.09
49 3715.13
49.1 3715.17
49.2 3715.22
49.3 3715.26
49.4 3715.3
49.5 3715.34
49.6 3715.39
49.7 3715.43
49.8 3715.47
49.9 3715.51
50 3715.55
50.1 3715.59
50.2 3715.63
50.3 3715.67
50.4 3715.71
50.5 3715.75
50.6 3715.79
50.7 3715.83
50.8 3715.87
50.9 3715.91
51 3715.95
51.1 3715.98
51.2 3716.02
51.3 3716.06
51.4 3716.1
51.5 3716.13
51.6 3716.17
51.7 3716.21
51.8 3716.24
51.9 3716.28
52 3716.31
52.1 3716.35
52.2 3716.38
52.3 3716.42
52.4 3716.45
52.5 3716.49
52.6 3716.52
52.7 3716.56
52.8 3716.59
52.9 3716.62
53 3716.66
53.1 3716.69
53.2 3716.72
53.3 3716.76
53.4 3716.79
53.5 3716.82
53.6 3716.86
53.7 3716.89
53.8 3716.92
53.9 3716.95
54 3716.98
54.1 3717.01
54.2 3717.04
54.3 3717.08
54.4 3717.11
54.5 3717.14
54.6 3717.17
54.7 3717.2
54.8 3717.23
54.9 3717.26
55 3717.29
55.1 3717.32
55.2 3717.34
55.3 3717.37
55.4 3717.4
55.5 3717.43
55.6 3717.46
55.7 3717.49
55.8 3717.52
55.9 3717.54
56 3717.57
56.1 3717.6
56.2 3717.63
56.3 3717.65
56.4 3717.68
56.5 3717.71
56.6 3717.73
56.7 3717.76
56.8 3717.79
56.9 3717.81
57 3717.84
57.1 3717.87
57.2 3717.89
57.3 3717.92
57.4 3717.94
57.5 3717.97
57.6 3717.99
57.7 3718.02
57.8 3718.04
57.9 3718.07
58 3718.09
58.1 3718.12
58.2 3718.14
58.3 3718.16
58.4 3718.19
58.5 3718.21
58.6 3718.23
58.7 3718.26
58.8 3718.28
58.9 3718.3
59 3718.33
59.1 3718.35
59.2 3718.37
59.3 3718.39
59.4 3718.42
59.5 3718.44
59.6 3718.46
59.7 3718.48
59.8 3718.51
59.9 3718.53
60 3718.55
60.1 3718.57
60.2 3718.59
60.3 3718.61
60.4 3718.63
60.5 3718.65
60.6 3718.67
60.7 3718.69
60.8 3718.72
60.9 3718.74
61 3718.76
61.1 3718.78
61.2 3718.8
61.3 3718.82
61.4 3718.84
61.5 3718.85
61.6 3718.87
61.7 3718.89
61.8 3718.91
61.9 3718.93
62 3718.95
62.1 3718.97
62.2 3718.99
62.3 3719.01
62.4 3719.02
62.5 3719.04
62.6 3719.06
62.7 3719.08
62.8 3719.1
62.9 3719.11
63 3719.13
63.1 3719.15
63.2 3719.17
63.3 3719.18
63.4 3719.2
63.5 3719.22
63.6 3719.24
63.7 3719.25
63.8 3719.27
63.9 3719.29
64 3719.3
64.1 3719.32
64.2 3719.34
64.3 3719.35
64.4 3719.37
64.5 3719.38
64.6 3719.4
64.7 3719.42
64.8 3719.43
64.9 3719.45
65 3719.46
65.1 3719.48
65.2 3719.49
65.3 3719.51
65.4 3719.52
65.5 3719.54
65.6 3719.55
65.7 3719.57
65.8 3719.58
65.9 3719.6
66 3719.61
66.1 3719.63
66.2 3719.64
66.3 3719.66
66.4 3719.67
66.5 3719.68
66.6 3719.7
66.7 3719.71
66.8 3719.72
66.9 3719.74
67 3719.75
67.1 3719.77
67.2 3719.78
67.3 3719.79
67.4 3719.81
67.5 3719.82
67.6 3719.83
67.7 3719.84
67.8 3719.86
67.9 3719.87
68 3719.88
68.1 3719.9
68.2 3719.91
68.3 3719.92
68.4 3719.93
68.5 3719.94
68.6 3719.96
68.7 3719.97
68.8 3719.98
68.9 3719.99
69 3720
69.1 3720.02
69.2 3720.03
69.3 3720.04
69.4 3720.05
69.5 3720.06
69.6 3720.07
69.7 3720.09
69.8 3720.1
69.9 3720.11
70 3720.12
