0 0
0.1 102.038
0.2 201.105
0.3 297.285
0.4 390.663
0.5 481.318
0.6 569.33
0.7 654.773
0.8 737.723
0.9 818.251
1 896.427
1.1 972.319
1.2 1045.99
1.3 1117.51
1.4 1186.94
1.5 1254.34
1.6 1319.76
1.7 1383.27
1.8 1444.91
1.9 1504.75
2 1562.84
2.1 1619.22
2.2 1673.95
2.3 1727.07
2.4 1778.63
2.5 1828.68
2.6 1877.25
2.7 1924.4
2.8 1970.16
2.9 2014.58
3 2057.69
3.1 2099.53
3.2 2140.13
3.3 2179.54
3.4 2217.79
3.5 2254.91
3.6 2290.93
3.7 2325.9
3.8 2359.82
3.9 2392.75
4 2424.7
4.1 2455.71
4.2 2485.8
4.3 2515
4.4 2543.34
4.5 2570.84
4.6 2597.52
4.7 2623.41
4.8 2648.54
4.9 2672.92
5 2696.57
5.1 2719.53
5.2 2741.81
5.3 2763.46
5.4 2784.5
5.5 2804.96
5.6 2824.87
5.7 2844.24
5.8 2863.11
5.9 2881.48
6 2899.39
6.1 2916.85
6.2 2933.87
6.3 2950.48
6.4 2966.69
6.5 2982.52
6.6 2997.97
6.7 3013.06
6.8 3027.81
6.9 3042.22
7 3056.31
7.1 3070.09
7.2 3083.57
7.3 3096.76
7.4 3109.66
7.5 3122.29
7.6 3134.65
7.7 3146.76
7.8 3158.62
7.9 3170.23
8 3181.61
8.1 3192.77
8.2 3203.7
8.3 3214.41
8.4 3224.92
8.5 3235.22
8.6 3245.33
8.7 3255.24
8.8 3264.96
8.9 3274.5
9 3283.87
9.1 3293.06
9.2 3302.08
9.3 3310.94
9.4 3319.63
9.5 3328.17
9.6 3336.56
9.7 3344.79
9.8 3352.88
9.9 3360.83
10 3368.62
10.1 3376.27
10.2 3383.79
10.3 3391.19
10.4 3398.49
10.5 3405.66
10.6 3412.73
10.7 3419.69
10.8 3426.55
10.9 3433.3
11 3439.96
11.1 3446.49
11.2 3452.87
11.3 3459.11
11.4 3465.21
11.5 3471.17
11.6 3476.99
11.7 3482.68
11.8 3488.25
11.9 3493.68
12 3499
12.1 3504.2
12.2 3509.28
12.3 3514.25
12.4 3519.11
12.5 3523.87
12.6 3528.52
12.7 3533.07
12.8 3537.52
12.9 3541.87
13 3546.13
13.1 3550.3
13.2 3554.38
13.3 3558.37
13.4 3562.27
13.5 3566.1
13.6 3569.84
13.7 3573.5
13.8 3577.09
13.9 3580.6
14 3584.04
14.1 3587.4
14.2 3590.7
14.3 3593.93
14.4 3597.09
14.5 3600.18
14.6 3603.21
14.7 3606.18
14.8 3609.09
14.9 3611.94
15 3614.73
15.1 3617.47
15.2 3620.15
15.3 3622.78
15.4 3625.35
15.5 3627.88
15.6 3630.35
15.7 3632.78
15.8 3635.17
15.9 3637.5
16 3639.8
16.1 3642.05
16.2 3644.27
16.3 3646.44
16.4 3648.57
16.5 3650.67
16.6 3652.73
16.7 3654.75
16.8 3656.74
16.9 3658.69
17 3660.61
17.1 3662.49
17.2 3664.35
17.3 3666.17
17.4 3667.97
17.5 3669.73
17.6 3671.46
17.7 3673.17
17.8 3674.85
17.9 3676.5
18 3678.12
18.1 3679.72
18.2 3681.3
18.3 3682.84
18.4 3684.37
18.5 3685.87
18.6 3687.34
18.7 3688.8
18.8 3690.23
18.9 3691.64
19 3693.02
19.1 3694.39
19.2 3695.73
19.3 3697.06
19.4 3698.36
19.5 3699.65
19.6 3700.92
19.7 3702.16
19.8 3703.39
19.9 3704.6
20 3705.79
20.1 3706.97
20.2 3708.12
20.3 3709.25
20.4 3710.37
20.5 3711.47
20.6 3712.55
20.7 3713.62
20.8 3714.67
20.9 3715.7
21 3716.72
21.1 3717.72
21.2 3718.7
21.3 3719.68
21.4 3720.63
21.5 3721.58
21.6 3722.5
21.7 3723.42
21.8 3724.32
21.9 3725.21
22 3726.08
22.1 3726.94
22.2 3727.79
22.3 3728.62
22.4 3729.45
22.5 3730.26
22.6 3731.06
22.7 3731.85
22.8 3732.62
22.9 3733.39
23 3734.14
23.1 3734.89
23.2 3735.62
23.3 3736.34
23.4 3737.06
23.5 3737.76
23.6 3738.45
23.7 3739.13
23.8 3739.81
23.9 3740.47
24 3741.12
24.1 3741.77
24.2 3742.4
24.3 3743.03
24.4 3743.65
24.5 3744.26
24.6 3744.86
24.7 3745.45
24.8 3746.04
24.9 3746.62
25 3747.19
25.1 3747.75
25.2 3748.3
25.3 3748.85
25.4 3749.39
25.5 3749.92
25.6 3750.44
25.7 3750.96
25.8 3751.47
25.9 3751.97
26 3752.47
26.1 3752.96
26.2 3753.45
26.3 3753.92
26.4 3754.4
26.5 3754.86
26.6 3755.32
26.7 3755.77
26.8 3756.22
26.9 3756.66
27 3757.1
27.1 3757.53
27.2 3757.95
27.3 3758.37
27.4 3758.78
27.5 3759.19
27.6 3759.59
27.7 3759.99
27.8 3760.38
27.9 3760.77
28 3761.15
28.1 3761.53
28.2 3761.9
28.3 3762.27
28.4 3762.64
28.5 3763
28.6 3763.35
28.7 3763.7
28.8 3764.05
28.9 3764.39
29 3764.73
29.1 3765.06
29.2 3765.39
29.3 3765.71
29.4 3766.03
29.5 3766.35
29.6 3766.66
29.7 3766.97
29.8 3767.28
29.9 3767.58
30 3767.88
30.1 3768.17
30.2 3768.46
30.3 3768.75
30.4 3769.03
30.5 3769.31
30.6 3769.59
30.7 3769.87
30.8 3770.14
30.9 3770.4
31 3770.67
31.1 3770.93
31.2 3771.19
31.3 3771.44
31.4 3771.69
31.5 3771.94
31.6 3772.19
31.7 3772.43
31.8 3772.67
31.9 3772.91
32 3773.14
32.1 3773.38
32.2 3773.6
32.3 3773.83
32.4 3774.06
32.5 3774.28
32.6 3774.5
32.7 3774.71
32.8 3774.92
32.9 3775.14
33 3775.34
33.1 3775.55
33.2 3775.75
33.3 3775.95
33.4 3776.15
33.5 3776.35
33.6 3776.54
33.7 3776.74
33.8 3776.93
33.9 3777.11
34 3777.3
34.1 3777.48
34.2 3777.66
34.3 3777.84
34.4 3778.02
34.5 3778.2
34.6 3778.37
34.7 3778.54
34.8 3778.71
34.9 3778.88
35 3779.05
35.1 3779.21
35.2 3779.37
35.3 3779.53
35.4 3779.69
35.5 3779.85
35.6 3780.01
35.7 3780.16
35.8 3780.31
35.9 3780.46
36 3780.61
36.1 3780.76
36.2 3780.91
36.3 3781.05
36.4 3781.19
36.5 3781.33
36.6 3781.47
36.7 3781.61
36.8 3781.75
36.9 3781.89
37 3782.02
37.1 3782.15
37.2 3782.28
37.3 3782.41
37.4 3782.54
37.5 3782.67
37.6 3782.8
37.7 3782.92
37.8 3783.05
37.9 3783.17
38 3783.29
38.1 3783.41
38.2 3783.53
38.3 3783.64
38.4 3783.76
38.5 3783.88
38.6 3783.99
38.7 3784.1
38.8 3784.22
38.9 3784.33
39 3784.44
39.1 3784.54
39.2 3784.65
39.3 3784.76
39.4 3784.86
39.5 3784.97
39.6 3785.07
39.7 3785.17
39.8 3785.28
39.9 3785.38
40 3785.48
40.1 3785.57
40.2 3785.67
40.3 3785.77
40.4 3785.86
40.5 3785.96
40.6 3786.05
40.7 3786.15
40.8 3786.24
40.9 3786.33
41 3786.42
41.1 3786.51
41.2 3786.6
41.3 3786.69
41.4 3786.78
41.5 3786.86
41.6 3786.95
41.7 3787.03
41.8 3787.12
41.9 3787.2
42 3787.28
42.1 3787.37
42.2 3787.45
42.3 3787.53
42.4 3787.61
42.5 3787.69
42.6 3787.76
42.7 3787.84
42.8 3787.92
42.9 3788
43 3788.07
43.1 3788.15
43.2 3788.22
43.3 3788.3
43.4 3788.37
43.5 3788.44
43.6 3788.51
43.7 3788.58
43.8 3788.65
43.9 3788.73
44 3788.79
44.1 3788.86
44.2 3788.93
44.3 3789
44.4 3789.07
44.5 3789.13
44.6 3789.2
44.7 3789.27
44.8 3789.33
44.9 3789.39
45 3789.46
45.1 3789.52
45.2 3789.58
45.3 3789.65
45.4 3789.71
45.5 3789.77
45.6 3789.83
45.7 3789.89
45.8 3789.95
45.9 3790.01
46 3790.07
46.1 3790.13
46.2 3790.19
46.3 3790.24
46.4 3790.3
46.5 3790.36
46.6 3790.41
46.7 3790.47
46.8 3790.52
46.9 3790.58
47 3790.63
47.1 3790.69
47.2 3790.74
47.3 3790.79
47.4 3790.85
47.5 3790.9
47.6 3790.95
47.7 3791
47.8 3791.05
47.9 3791.1
48 3791.16
48.1 3791.21
48.2 3791.26
48.3 3791.3
48.4 3791.35
48.5 3791.4
48.6 3791.45
48.7 3791.5
48.8 3791.55
48.9 3791.59
49 3791.64
49.1 3791.69
49.2 3791.73
49.3 3791.78
49.4 3791.83
49.5 3791.87
49.6 3791.92
49.7 3791.96
49.8 3792.01
49.9 3792.05
50 3792.09
50.1 3792.14
50.2 3792.18
50.3 3792.22
50.4 3792.27
50.5 3792.31
50.6 3792.35
50.7 3792.39
50.8 3792.43
50.9 3792.47
51 3792.52
51.1 3792.56
51.2 3792.6
51.3 3792.64
51.4 3792.68
51.5 3792.72
51.6 3792.75
51.7 3792.79
51.8 3792.83
51.9 3792.87
52 3792.91
52.1 3792.95
52.2 3792.99
52.3 3793.02
52.4 3793.06
52.5 3793.1
52.6 3793.13
52.7 3793.17
52.8 3793.21
52.9 3793.24
53 3793.28
53.1 3793.31
53.2 3793.35
53.3 3793.39
53.4 3793.42
53.5 3793.46
53.6 3793.49
53.7 3793.52
53.8 3793.56
53.9 3793.59
54 3793.63
54.1 3793.66
54.2 3793.69
54.3 3793.73
54.4 3793.76
54.5 3793.79
54.6 3793.82
54.7 3793.86
54.8 3793.89
54.9 3793.92
55 3793.95
55.1 3793.98
55.2 3794.01
55.3 3794.05
55.4 3794.08
55.5 3794.11
55.6 3794.14
55.7 3794.17
55.8 3794.2
55.9 3794.23
56 3794.26
56.1 3794.29
56.2 3794.32
56.3 3794.35
56.4 3794.38
56.5 3794.4
56.6 3794.43
56.7 3794.46
56.8 3794.49
56.9 3794.52
57 3794.55
57.1 3794.57
57.2 3794.6
57.3 3794.63
57.4 3794.66
57.5 3794.68
57.6 3794.71
57.7 3794.74
57.8 3794.76
57.9 3794.79
58 3794.81
58.1 3794.84
58.2 3794.87
58.3 3794.89
58.4 3794.92
58.5 3794.94
58.6 3794.97
58.7 3794.99
58.8 3795.02
58.9 3795.04
59 3795.07
59.1 3795.09
59.2 3795.12
59.3 3795.14
59.4 3795.16
59.5 3795.19
59.6 3795.21
59.7 3795.24
59.8 3795.26
59.9 3795.28
60 3795.3
60.1 3795.33
60.2 3795.35
60.3 3795.37
60.4 3795.4
60.5 3795.42
60.6 3795.44
60.7 3795.46
60.8 3795.48
60.9 3795.51
61 3795.53
61.1 3795.55
61.2 3795.57
61.3 3795.59
61.4 3795.61
61.5 3795.63
61.6 3795.65
61.7 3795.67
61.8 3795.69
61.9 3795.72
62 3795.74
62.1 3795.76
62.2 3795.78
62.3 3795.8
62.4 3795.82
62.5 3795.83
62.6 3795.85
62.7 3795.87
62.8 3795.89
62.9 3795.91
63 3795.93
63.1 3795.95
63.2 3795.97
63.3 3795.99
63.4 3796.01
63.5 3796.02
63.6 3796.04
63.7 3796.06
63.8 3796.08
63.9 3796.1
64 3796.11
64.1 3796.13
64.2 3796.15
64.3 3796.17
64.4 3796.18
64.5 3796.2
64.6 3796.22
64.7 3796.23
64.8 3796.25
64.9 3796.27
65 3796.28
65.1 3796.3
65.2 3796.32
65.3 3796.33
65.4 3796.35
65.5 3796.37
65.6 3796.38
65.7 3796.4
65.8 3796.41
65.9 3796.43
66 3796.44
66.1 3796.46
66.2 3796.48
66.3 3796.49
66.4 3796.51
66.5 3796.52
66.6 3796.54
66.7 3796.55
66.8 3796.57
66.9 3796.58
67 3796.59
67.1 3796.61
67.2 3796.62
67.3 3796.64
67.4 3796.65
67.5 3796.67
67.6 3796.68
67.7 3796.69
67.8 3796.71
67.9 3796.72
68 3796.73
68.1 3796.75
68.2 3796.76
68.3 3796.77
68.4 3796.79
68.5 3796.8
68.6 3796.81
68.7 3796.83
68.8 3796.84
68.9 3796.85
69 3796.87
69.1 3796.88
69.2 3796.89
69.3 3796.9
69.4 3796.92
69.5 3796.93
69.6 3796.94
69.7 3796.95
69.8 3796.96
69.9 3796.98
70 3796.99
