0 0
0.1 103.578
0.2 204.148
0.3 301.795
0.4 396.605
0.5 488.657
0.6 578.032
0.7 664.806
0.8 749.055
0.9 830.85
1 910.262
1.1 987.36
1.2 1062.21
1.3 1134.88
1.4 1205.43
1.5 1273.91
1.6 1340.4
1.7 1404.95
1.8 1467.61
1.9 1528.44
2 1587.49
2.1 1644.82
2.2 1700.46
2.3 1754.48
2.4 1806.91
2.5 1857.81
2.6 1907.22
2.7 1955.18
2.8 2001.73
2.9 2046.91
3 2090.77
3.1 2133.34
3.2 2174.66
3.3 2214.77
3.4 2253.69
3.5 2291.47
3.6 2328.14
3.7 2363.73
3.8 2398.27
3.9 2431.8
4 2464.33
4.1 2495.91
4.2 2526.55
4.3 2556.29
4.4 2585.16
4.5 2613.17
4.6 2640.35
4.7 2666.73
4.8 2692.32
4.9 2717.16
5 2741.27
5.1 2764.66
5.2 2787.38
5.3 2809.45
5.4 2830.9
5.5 2851.77
5.6 2872.07
5.7 2891.84
5.8 2911.09
5.9 2929.85
6 2948.14
6.1 2965.97
6.2 2983.36
6.3 3000.34
6.4 3016.91
6.5 3033.1
6.6 3048.91
6.7 3064.36
6.8 3079.45
6.9 3094.22
7 3108.65
7.1 3122.77
7.2 3136.59
7.3 3150.11
7.4 3163.35
7.5 3176.31
7.6 3189.01
7.7 3201.44
7.8 3213.62
7.9 3225.55
8 3237.25
8.1 3248.72
8.2 3259.96
8.3 3270.99
8.4 3281.8
8.5 3292.41
8.6 3302.81
8.7 3313.02
8.8 3323.04
8.9 3332.88
9 3342.53
9.1 3352.01
9.2 3361.32
9.3 3370.46
9.4 3379.43
9.5 3388.25
9.6 3396.91
9.7 3405.42
9.8 3413.78
9.9 3421.99
10 3430.05
10.1 3437.95
10.2 3445.73
10.3 3453.39
10.4 3460.94
10.5 3468.37
10.6 3475.69
10.7 3482.9
10.8 3490
10.9 3497
11 3503.89
11.1 3510.66
11.2 3517.28
11.3 3523.75
11.4 3530.08
11.5 3536.26
11.6 3542.3
11.7 3548.2
11.8 3553.98
11.9 3559.63
12 3565.15
12.1 3570.55
12.2 3575.83
12.3 3580.99
12.4 3586.04
12.5 3590.98
12.6 3595.82
12.7 3600.55
12.8 3605.18
12.9 3609.71
13 3614.14
13.1 3618.48
13.2 3622.72
13.3 3626.88
13.4 3630.94
13.5 3634.92
13.6 3638.82
13.7 3642.64
13.8 3646.37
13.9 3650.03
14 3653.61
14.1 3657.12
14.2 3660.56
14.3 3663.92
14.4 3667.22
14.5 3670.45
14.6 3673.61
14.7 3676.71
14.8 3679.74
14.9 3682.72
15 3685.63
15.1 3688.48
15.2 3691.28
15.3 3694.03
15.4 3696.71
15.5 3699.35
15.6 3701.94
15.7 3704.48
15.8 3706.97
15.9 3709.41
16 3711.82
16.1 3714.17
16.2 3716.49
16.3 3718.76
16.4 3720.99
16.5 3723.19
16.6 3725.34
16.7 3727.46
16.8 3729.54
16.9 3731.59
17 3733.6
17.1 3735.58
17.2 3737.53
17.3 3739.44
17.4 3741.33
17.5 3743.18
17.6 3745
17.7 3746.79
17.8 3748.56
17.9 3750.29
18 3752
18.1 3753.68
18.2 3755.34
18.3 3756.97
18.4 3758.57
18.5 3760.15
18.6 3761.71
18.7 3763.24
18.8 3764.75
18.9 3766.23
19 3767.7
19.1 3769.14
19.2 3770.56
19.3 3771.96
19.4 3773.34
19.5 3774.7
19.6 3776.03
19.7 3777.35
19.8 3778.65
19.9 3779.93
20 3781.2
20.1 3782.44
20.2 3783.66
20.3 3784.86
20.4 3786.04
20.5 3787.21
20.6 3788.36
20.7 3789.49
20.8 3790.6
20.9 3791.7
21 3792.78
21.1 3793.84
21.2 3794.89
21.3 3795.92
21.4 3796.94
21.5 3797.94
21.6 3798.93
21.7 3799.9
21.8 3800.86
21.9 3801.8
22 3802.74
22.1 3803.65
22.2 3804.56
22.3 3805.45
22.4 3806.33
22.5 3807.19
22.6 3808.04
22.7 3808.89
22.8 3809.71
22.9 3810.53
23 3811.34
23.1 3812.13
23.2 3812.91
23.3 3813.69
23.4 3814.45
23.5 3815.2
23.6 3815.94
23.7 3816.67
23.8 3817.39
23.9 3818.1
24 3818.8
24.1 3819.49
24.2 3820.17
24.3 3820.84
24.4 3821.5
24.5 3822.16
24.6 3822.8
24.7 3823.44
24.8 3824.06
24.9 3824.68
25 3825.29
25.1 3825.89
25.2 3826.49
25.3 3827.07
25.4 3827.65
25.5 3828.22
25.6 3828.79
25.7 3829.34
25.8 3829.89
25.9 3830.43
26 3830.96
26.1 3831.49
26.2 3832.01
26.3 3832.52
26.4 3833.03
26.5 3833.53
26.6 3834.02
26.7 3834.51
26.8 3834.99
26.9 3835.46
27 3835.93
27.1 3836.39
27.2 3836.85
27.3 3837.3
27.4 3837.75
27.5 3838.18
27.6 3838.62
27.7 3839.05
27.8 3839.47
27.9 3839.88
28 3840.3
28.1 3840.7
28.2 3841.1
28.3 3841.5
28.4 3841.89
28.5 3842.28
28.6 3842.66
28.7 3843.04
28.8 3843.41
28.9 3843.78
29 3844.14
29.1 3844.5
29.2 3844.85
29.3 3845.2
29.4 3845.55
29.5 3845.89
29.6 3846.22
29.7 3846.56
29.8 3846.89
29.9 3847.21
30 3847.53
30.1 3847.85
30.2 3848.16
30.3 3848.47
30.4 3848.78
30.5 3849.08
30.6 3849.38
30.7 3849.67
30.8 3849.96
30.9 3850.25
31 3850.54
31.1 3850.82
31.2 3851.1
31.3 3851.37
31.4 3851.64
31.5 3851.91
31.6 3852.18
31.7 3852.44
31.8 3852.7
31.9 3852.96
32 3853.21
32.1 3853.46
32.2 3853.71
32.3 3853.96
32.4 3854.2
32.5 3854.44
32.6 3854.67
32.7 3854.91
32.8 3855.14
32.9 3855.37
33 3855.59
33.1 3855.82
33.2 3856.04
33.3 3856.26
33.4 3856.47
33.5 3856.68
33.6 3856.9
33.7 3857.1
33.8 3857.31
33.9 3857.51
34 3857.71
34.1 3857.91
34.2 3858.11
34.3 3858.31
34.4 3858.5
34.5 3858.69
34.6 3858.88
34.7 3859.06
34.8 3859.25
34.9 3859.43
35 3859.61
35.1 3859.79
35.2 3859.96
35.3 3860.14
35.4 3860.31
35.5 3860.48
35.6 3860.65
35.7 3860.82
35.8 3860.98
35.9 3861.14
36 3861.31
36.1 3861.47
36.2 3861.62
36.3 3861.78
36.4 3861.93
36.5 3862.09
36.6 3862.24
36.7 3862.39
36.8 3862.54
36.9 3862.68
37 3862.83
37.1 3862.97
37.2 3863.12
37.3 3863.26
37.4 3863.4
37.5 3863.53
37.6 3863.67
37.7 3863.81
37.8 3863.94
37.9 3864.07
38 3864.2
38.1 3864.33
38.2 3864.46
38.3 3864.59
38.4 3864.71
38.5 3864.84
38.6 3864.96
38.7 3865.08
38.8 3865.21
38.9 3865.33
39 3865.44
39.1 3865.56
39.2 3865.68
39.3 3865.79
39.4 3865.91
39.5 3866.02
39.6 3866.13
39.7 3866.24
39.8 3866.35
39.9 3866.46
40 3866.57
40.1 3866.68
40.2 3866.78
40.3 3866.89
40.4 3866.99
40.5 3867.09
40.6 3867.2
40.7 3867.3
40.8 3867.4
40.9 3867.5
41 3867.59
41.1 3867.69
41.2 3867.79
41.3 3867.88
41.4 3867.98
41.5 3868.07
41.6 3868.16
41.7 3868.26
41.8 3868.35
41.9 3868.44
42 3868.53
42.1 3868.62
42.2 3868.7
42.3 3868.79
42.4 3868.88
42.5 3868.96
42.6 3869.05
42.7 3869.13
42.8 3869.22
42.9 3869.3
43 3869.38
43.1 3869.46
43.2 3869.54
43.3 3869.62
43.4 3869.7
43.5 3869.78
43.6 3869.86
43.7 3869.94
43.8 3870.01
43.9 3870.09
44 3870.16
44.1 3870.24
44.2 3870.31
44.3 3870.38
44.4 3870.46
44.5 3870.53
44.6 3870.6
44.7 3870.67
44.8 3870.74
44.9 3870.81
45 3870.88
45.1 3870.95
45.2 3871.02
45.3 3871.09
45.4 3871.15
45.5 3871.22
45.6 3871.29
45.7 3871.35
45.8 3871.42
45.9 3871.48
46 3871.54
46.1 3871.61
46.2 3871.67
46.3 3871.73
46.4 3871.79
46.5 3871.85
46.6 3871.92
46.7 3871.98
46.8 3872.04
46.9 3872.09
47 3872.15
47.1 3872.21
47.2 3872.27
47.3 3872.33
47.4 3872.38
47.5 3872.44
47.6 3872.5
47.7 3872.55
47.8 3872.61
47.9 3872.66
48 3872.72
48.1 3872.77
48.2 3872.83
48.3 3872.88
48.4 3872.93
48.5 3872.99
48.6 3873.04
48.7 3873.09
48.8 3873.14
48.9 3873.19
49 3873.24
49.1 3873.29
49.2 3873.34
49.3 3873.39
49.4 3873.44
49.5 3873.49
49.6 3873.54
49.7 3873.59
49.8 3873.64
49.9 3873.69
50 3873.73
50.1 3873.78
50.2 3873.83
50.3 3873.87
50.4 3873.92
50.5 3873.97
50.6 3874.01
50.7 3874.06
50.8 3874.1
50.9 3874.15
51 3874.19
51.1 3874.23
51.2 3874.28
51.3 3874.32
51.4 3874.36
51.5 3874.41
51.6 3874.45
51.7 3874.49
51.8 3874.53
51.9 3874.58
52 3874.62
52.1 3874.66
52.2 3874.7
52.3 3874.74
52.4 3874.78
52.5 3874.82
52.6 3874.86
52.7 3874.9
52.8 3874.94
52.9 3874.98
53 3875.02
53.1 3875.06
53.2 3875.09
53.3 3875.13
53.4 3875.17
53.5 3875.21
53.6 3875.25
53.7 3875.28
53.8 3875.32
53.9 3875.36
54 3875.39
54.1 3875.43
54.2 3875.47
54.3 3875.5
54.4 3875.54
54.5 3875.57
54.6 3875.61
54.7 3875.64
54.8 3875.68
54.9 3875.71
55 3875.75
55.1 3875.78
55.2 3875.81
55.3 3875.85
55.4 3875.88
55.5 3875.91
55.6 3875.95
55.7 3875.98
55.8 3876.01
55.9 3876.05
56 3876.08
56.1 3876.11
56.2 3876.14
56.3 3876.17
56.4 3876.2
56.5 3876.24
56.6 3876.27
56.7 3876.3
56.8 3876.33
56.9 3876.36
57 3876.39
57.1 3876.42
57.2 3876.45
57.3 3876.48
57.4 3876.51
57.5 3876.54
57.6 3876.57
57.7 3876.59
57.8 3876.62
57.9 3876.65
58 3876.68
58.1 3876.71
58.2 3876.74
58.3 3876.76
58.4 3876.79
58.5 3876.82
58.6 3876.85
58.7 3876.87
58.8 3876.9
58.9 3876.93
59 3876.95
59.1 3876.98
59.2 3877.01
59.3 3877.03
59.4 3877.06
59.5 3877.08
59.6 3877.11
59.7 3877.13
59.8 3877.16
59.9 3877.19
60 3877.21
60.1 3877.23
60.2 3877.26
60.3 3877.28
60.4 3877.31
60.5 3877.33
60.6 3877.36
60.7 3877.38
60.8 3877.4
60.9 3877.43
61 3877.45
61.1 3877.47
61.2 3877.5
61.3 3877.52
61.4 3877.54
61.5 3877.57
61.6 3877.59
61.7 3877.61
61.8 3877.63
61.9 3877.65
62 3877.68
62.1 3877.7
62.2 3877.72
62.3 3877.74
62.4 3877.76
62.5 3877.78
62.6 3877.8
62.7 3877.83
62.8 3877.85
62.9 3877.87
63 3877.89
63.1 3877.91
63.2 3877.93
63.3 3877.95
63.4 3877.97
63.5 3877.99
63.6 3878.01
63.7 3878.03
63.8 3878.05
63.9 3878.07
64 3878.09
64.1 3878.1
64.2 3878.12
64.3 3878.14
64.4 3878.16
64.5 3878.18
64.6 3878.2
64.7 3878.22
64.8 3878.24
64.9 3878.25
65 3878.27
65.1 3878.29
65.2 3878.31
65.3 3878.32
65.4 3878.34
65.5 3878.36
65.6 3878.38
65.7 3878.39
65.8 3878.41
65.9 3878.43
66 3878.44
66.1 3878.46
66.2 3878.48
66.3 3878.49
66.4 3878.51
66.5 3878.53
66.6 3878.54
66.7 3878.56
66.8 3878.58
66.9 3878.59
67 3878.61
67.1 3878.62
67.2 3878.64
67.3 3878.65
67.4 3878.67
67.5 3878.68
67.6 3878.7
67.7 3878.71
67.8 3878.73
67.9 3878.74
68 3878.76
68.1 3878.77
68.2 3878.79
68.3 3878.8
68.4 3878.82
68.5 3878.83
68.6 3878.84
68.7 3878.86
68.8 3878.87
68.9 3878.89
69 3878.9
69.1 3878.91
69.2 3878.93
69.3 3878.94
69.4 3878.95
69.5 3878.97
69.6 3878.98
69.7 3878.99
69.8 3879.01
69.9 3879.02
70 3879.03
