0 0
0.1 105.144
0.2 207.242
0.3 306.381
0.4 402.648
0.5 496.123
0.6 586.886
0.7 675.016
0.8 760.587
0.9 843.674
1 924.347
1.1 1002.68
1.2 1078.73
1.3 1152.57
1.4 1224.26
1.5 1293.86
1.6 1361.44
1.7 1427.05
1.8 1490.75
1.9 1552.59
2 1612.63
2.1 1670.92
2.2 1727.5
2.3 1782.44
2.4 1835.76
2.5 1887.54
2.6 1937.79
2.7 1986.58
2.8 2033.94
2.9 2079.92
3 2124.55
3.1 2167.87
3.2 2209.92
3.3 2250.74
3.4 2290.37
3.5 2328.83
3.6 2366.16
3.7 2402.4
3.8 2437.57
3.9 2471.71
4 2504.84
4.1 2537
4.2 2568.22
4.3 2598.51
4.4 2627.91
4.5 2656.45
4.6 2684.15
4.7 2711.03
4.8 2737.11
4.9 2762.43
5 2787
5.1 2810.85
5.2 2834.01
5.3 2856.51
5.4 2878.39
5.5 2899.67
5.6 2920.39
5.7 2940.56
5.8 2960.22
5.9 2979.38
6 2998.06
6.1 3016.28
6.2 3034.06
6.3 3051.42
6.4 3068.38
6.5 3084.94
6.6 3101.12
6.7 3116.94
6.8 3132.41
6.9 3147.54
7 3162.34
7.1 3176.82
7.2 3191
7.3 3204.87
7.4 3218.47
7.5 3231.78
7.6 3244.82
7.7 3257.6
7.8 3270.12
7.9 3282.4
8 3294.43
8.1 3306.24
8.2 3317.81
8.3 3329.17
8.4 3340.31
8.5 3351.24
8.6 3361.97
8.7 3372.5
8.8 3382.84
8.9 3392.99
9 3402.95
9.1 3412.74
9.2 3422.36
9.3 3431.8
9.4 3441.08
9.5 3450.19
9.6 3459.15
9.7 3467.96
9.8 3476.61
9.9 3485.11
10 3493.45
10.1 3501.64
10.2 3509.7
10.3 3517.64
10.4 3525.47
10.5 3533.17
10.6 3540.76
10.7 3548.24
10.8 3555.61
10.9 3562.88
11 3570.04
11.1 3577.07
11.2 3583.95
11.3 3590.67
11.4 3597.24
11.5 3603.67
11.6 3609.95
11.7 3616.09
11.8 3622.1
11.9 3627.98
12 3633.72
12.1 3639.35
12.2 3644.84
12.3 3650.22
12.4 3655.49
12.5 3660.64
12.6 3665.68
12.7 3670.61
12.8 3675.43
12.9 3680.16
13 3684.78
13.1 3689.3
13.2 3693.73
13.3 3698.07
13.4 3702.32
13.5 3706.47
13.6 3710.54
13.7 3714.53
13.8 3718.43
13.9 3722.26
14 3726
14.1 3729.67
14.2 3733.26
14.3 3736.78
14.4 3740.23
14.5 3743.6
14.6 3746.91
14.7 3750.15
14.8 3753.33
14.9 3756.44
15 3759.49
15.1 3762.48
15.2 3765.41
15.3 3768.29
15.4 3771.1
15.5 3773.87
15.6 3776.58
15.7 3779.24
15.8 3781.86
15.9 3784.42
16 3786.94
16.1 3789.42
16.2 3791.85
16.3 3794.24
16.4 3796.59
16.5 3798.9
16.6 3801.17
16.7 3803.4
16.8 3805.59
16.9 3807.75
17 3809.87
17.1 3811.96
17.2 3814.01
17.3 3816.03
17.4 3818.02
17.5 3819.98
17.6 3821.91
17.7 3823.8
17.8 3825.67
17.9 3827.51
18 3829.32
18.1 3831.1
18.2 3832.86
18.3 3834.59
18.4 3836.29
18.5 3837.97
18.6 3839.63
18.7 3841.25
18.8 3842.86
18.9 3844.44
19 3846
19.1 3847.54
19.2 3849.05
19.3 3850.55
19.4 3852.02
19.5 3853.47
19.6 3854.9
19.7 3856.31
19.8 3857.7
19.9 3859.07
20 3860.42
20.1 3861.75
20.2 3863.06
20.3 3864.35
20.4 3865.62
20.5 3866.87
20.6 3868.1
20.7 3869.32
20.8 3870.51
20.9 3871.69
21 3872.85
21.1 3874
21.2 3875.13
21.3 3876.24
21.4 3877.33
21.5 3878.41
21.6 3879.48
21.7 3880.53
21.8 3881.56
21.9 3882.58
22 3883.58
22.1 3884.57
22.2 3885.55
22.3 3886.51
22.4 3887.46
22.5 3888.4
22.6 3889.32
22.7 3890.23
22.8 3891.13
22.9 3892.01
23 3892.89
23.1 3893.75
23.2 3894.6
23.3 3895.43
23.4 3896.26
23.5 3897.07
23.6 3897.87
23.7 3898.67
23.8 3899.45
23.9 3900.22
24 3900.98
24.1 3901.73
24.2 3902.47
24.3 3903.2
24.4 3903.92
24.5 3904.63
24.6 3905.33
24.7 3906.02
24.8 3906.7
24.9 3907.37
25 3908.03
25.1 3908.69
25.2 3909.33
25.3 3909.97
25.4 3910.6
25.5 3911.22
25.6 3911.83
25.7 3912.44
25.8 3913.03
25.9 3913.62
26 3914.2
26.1 3914.78
26.2 3915.34
26.3 3915.9
26.4 3916.45
26.5 3917
26.6 3917.53
26.7 3918.06
26.8 3918.59
26.9 3919.1
27 3919.61
27.1 3920.12
27.2 3920.61
27.3 3921.1
27.4 3921.59
27.5 3922.07
27.6 3922.54
27.7 3923.01
27.8 3923.47
27.9 3923.92
28 3924.37
28.1 3924.82
28.2 3925.26
28.3 3925.69
28.4 3926.12
28.5 3926.54
28.6 3926.96
28.7 3927.37
28.8 3927.78
28.9 3928.18
29 3928.58
29.1 3928.97
29.2 3929.36
29.3 3929.74
29.4 3930.12
29.5 3930.5
29.6 3930.87
29.7 3931.23
29.8 3931.59
29.9 3931.95
30 3932.3
30.1 3932.65
30.2 3932.99
30.3 3933.33
30.4 3933.67
30.5 3934
30.6 3934.33
30.7 3934.66
30.8 3934.98
30.9 3935.29
31 3935.61
31.1 3935.92
31.2 3936.22
31.3 3936.53
31.4 3936.83
31.5 3937.12
31.6 3937.41
31.7 3937.7
31.8 3937.99
31.9 3938.27
32 3938.55
32.1 3938.83
32.2 3939.1
32.3 3939.37
32.4 3939.63
32.5 3939.9
32.6 3940.16
32.7 3940.41
32.8 3940.67
32.9 3940.92
33 3941.17
33.1 3941.41
33.2 3941.66
33.3 3941.9
33.4 3942.13
33.5 3942.37
33.6 3942.6
33.7 3942.83
33.8 3943.05
33.9 3943.28
34 3943.5
34.1 3943.72
34.2 3943.93
34.3 3944.15
34.4 3944.36
34.5 3944.57
34.6 3944.77
34.7 3944.98
34.8 3945.18
34.9 3945.38
35 3945.58
35.1 3945.77
35.2 3945.97
35.3 3946.16
35.4 3946.35
35.5 3946.53
35.6 3946.72
35.7 3946.9
35.8 3947.08
35.9 3947.26
36 3947.44
36.1 3947.61
36.2 3947.79
36.3 3947.96
36.4 3948.13
36.5 3948.3
36.6 3948.46
36.7 3948.63
36.8 3948.79
36.9 3948.95
37 3949.11
37.1 3949.27
37.2 3949.42
37.3 3949.58
37.4 3949.73
37.5 3949.88
37.6 3950.03
37.7 3950.18
37.8 3950.33
37.9 3950.47
38 3950.62
38.1 3950.76
38.2 3950.9
38.3 3951.04
38.4 3951.18
38.5 3951.31
38.6 3951.45
38.7 3951.58
38.8 3951.72
38.9 3951.85
39 3951.98
39.1 3952.11
39.2 3952.24
39.3 3952.36
39.4 3952.49
39.5 3952.61
39.6 3952.73
39.7 3952.86
39.8 3952.98
39.9 3953.1
40 3953.21
40.1 3953.33
40.2 3953.45
40.3 3953.56
40.4 3953.68
40.5 3953.79
40.6 3953.9
40.7 3954.01
40.8 3954.12
40.9 3954.23
41 3954.34
41.1 3954.44
41.2 3954.55
41.3 3954.65
41.4 3954.76
41.5 3954.86
41.6 3954.96
41.7 3955.06
41.8 3955.16
41.9 3955.26
42 3955.36
42.1 3955.46
42.2 3955.56
42.3 3955.65
42.4 3955.75
42.5 3955.84
42.6 3955.93
42.7 3956.03
42.8 3956.12
42.9 3956.21
43 3956.3
43.1 3956.39
43.2 3956.48
43.3 3956.56
43.4 3956.65
43.5 3956.74
43.6 3956.82
43.7 3956.91
43.8 3956.99
43.9 3957.07
44 3957.16
44.1 3957.24
44.2 3957.32
44.3 3957.4
44.4 3957.48
44.5 3957.56
44.6 3957.64
44.7 3957.71
44.8 3957.79
44.9 3957.87
45 3957.94
45.1 3958.02
45.2 3958.09
45.3 3958.17
45.4 3958.24
45.5 3958.32
45.6 3958.39
45.7 3958.46
45.8 3958.53
45.9 3958.6
46 3958.67
46.1 3958.74
46.2 3958.81
46.3 3958.88
46.4 3958.94
46.5 3959.01
46.6 3959.08
46.7 3959.15
46.8 3959.21
46.9 3959.28
47 3959.34
47.1 3959.4
47.2 3959.47
47.3 3959.53
47.4 3959.59
47.5 3959.66
47.6 3959.72
47.7 3959.78
47.8 3959.84
47.9 3959.9
48 3959.96
48.1 3960.02
48.2 3960.08
48.3 3960.14
48.4 3960.2
48.5 3960.25
48.6 3960.31
48.7 3960.37
48.8 3960.42
48.9 3960.48
49 3960.54
49.1 3960.59
49.2 3960.65
49.3 3960.7
49.4 3960.76
49.5 3960.81
49.6 3960.86
49.7 3960.92
49.8 3960.97
49.9 3961.02
50 3961.07
50.1 3961.13
50.2 3961.18
50.3 3961.23
50.4 3961.28
50.5 3961.33
50.6 3961.38
50.7 3961.43
50.8 3961.48
50.9 3961.53
51 3961.58
51.1 3961.62
51.2 3961.67
51.3 3961.72
51.4 3961.77
51.5 3961.81
51.6 3961.86
51.7 3961.91
51.8 3961.95
51.9 3962
52 3962.04
52.1 3962.09
52.2 3962.13
52.3 3962.18
52.4 3962.22
52.5 3962.27
52.6 3962.31
52.7 3962.35
52.8 3962.4
52.9 3962.44
53 3962.48
53.1 3962.52
53.2 3962.57
53.3 3962.61
53.4 3962.65
53.5 3962.69
53.6 3962.73
53.7 3962.77
53.8 3962.81
53.9 3962.85
54 3962.89
54.1 3962.93
54.2 3962.97
54.3 3963.01
54.4 3963.05
54.5 3963.09
54.6 3963.13
54.7 3963.17
54.8 3963.21
54.9 3963.24
55 3963.28
55.1 3963.32
55.2 3963.36
55.3 3963.39
55.4 3963.43
55.5 3963.47
55.6 3963.5
55.7 3963.54
55.8 3963.57
55.9 3963.61
56 3963.65
56.1 3963.68
56.2 3963.72
56.3 3963.75
56.4 3963.78
56.5 3963.82
56.6 3963.85
56.7 3963.89
56.8 3963.92
56.9 3963.95
57 3963.99
57.1 3964.02
57.2 3964.05
57.3 3964.08
57.4 3964.12
57.5 3964.15
57.6 3964.18
57.7 3964.21
57.8 3964.24
57.9 3964.28
58 3964.31
58.1 3964.34
58.2 3964.37
58.3 3964.4
58.4 3964.43
58.5 3964.46
58.6 3964.49
58.7 3964.52
58.8 3964.55
58.9 3964.58
59 3964.61
59.1 3964.64
59.2 3964.66
59.3 3964.69
59.4 3964.72
59.5 3964.75
59.6 3964.78
59.7 3964.81
59.8 3964.83
59.9 3964.86
60 3964.89
60.1 3964.92
60.2 3964.94
60.3 3964.97
60.4 3965
60.5 3965.02
60.6 3965.05
60.7 3965.07
60.8 3965.1
60.9 3965.13
61 3965.15
61.1 3965.18
61.2 3965.2
61.3 3965.23
61.4 3965.25
61.5 3965.28
61.6 3965.3
61.7 3965.33
61.8 3965.35
61.9 3965.38
62 3965.4
62.1 3965.42
62.2 3965.45
62.3 3965.47
62.4 3965.49
62.5 3965.52
62.6 3965.54
62.7 3965.56
62.8 3965.59
62.9 3965.61
63 3965.63
63.1 3965.65
63.2 3965.68
63.3 3965.7
63.4 3965.72
63.5 3965.74
63.6 3965.76
63.7 3965.79
63.8 3965.81
63.9 3965.83
64 3965.85
64.1 3965.87
64.2 3965.89
64.3 3965.91
64.4 3965.93
64.5 3965.95
64.6 3965.97
64.7 3965.99
64.8 3966.01
64.9 3966.03
65 3966.05
65.1 3966.07
65.2 3966.09
65.3 3966.11
65.4 3966.13
65.5 3966.15
65.6 3966.17
65.7 3966.19
65.8 3966.21
65.9 3966.22
66 3966.24
66.1 3966.26
66.2 3966.28
66.3 3966.3
66.4 3966.32
66.5 3966.33
66.6 3966.35
66.7 3966.37
66.8 3966.39
66.9 3966.4
67 3966.42
67.1 3966.44
67.2 3966.45
67.3 3966.47
67.4 3966.49
67.5 3966.5
67.6 3966.52
67.7 3966.54
67.8 3966.55
67.9 3966.57
68 3966.59
68.1 3966.6
68.2 3966.62
68.3 3966.63
68.4 3966.65
68.5 3966.67
68.6 3966.68
68.7 3966.7
68.8 3966.71
68.9 3966.73
69 3966.74
69.1 3966.76
69.2 3966.77
69.3 3966.79
69.4 3966.8
69.5 3966.82
69.6 3966.83
69.7 3966.84
69.8 3966.86
69.9 3966.87
70 3966.89
