0 0
0.1 106.692
0.2 210.304
0.3 310.922
0.4 408.632
0.5 503.517
0.6 595.659
0.7 685.134
0.8 772.02
0.9 856.39
1 938.316
1.1 1017.87
1.2 1095.12
1.3 1170.12
1.4 1242.95
1.5 1313.67
1.6 1382.34
1.7 1449.01
1.8 1513.74
1.9 1576.59
2 1637.62
2.1 1696.87
2.2 1754.39
2.3 1810.24
2.4 1864.47
2.5 1917.12
2.6 1968.23
2.7 2017.85
2.8 2066.02
2.9 2112.79
3 2158.19
3.1 2202.27
3.2 2245.06
3.3 2286.6
3.4 2326.92
3.5 2366.07
3.6 2404.07
3.7 2440.95
3.8 2476.76
3.9 2511.52
4 2545.26
4.1 2578.01
4.2 2609.79
4.3 2640.65
4.4 2670.6
4.5 2699.67
4.6 2727.89
4.7 2755.27
4.8 2781.85
4.9 2807.65
5 2832.69
5.1 2857
5.2 2880.61
5.3 2903.55
5.4 2925.86
5.5 2947.57
5.6 2968.71
5.7 2989.3
5.8 3009.36
5.9 3028.93
6 3048.01
6.1 3066.63
6.2 3084.81
6.3 3102.57
6.4 3119.91
6.5 3136.86
6.6 3153.43
6.7 3169.64
6.8 3185.49
6.9 3201
7 3216.17
7.1 3231.03
7.2 3245.58
7.3 3259.83
7.4 3273.79
7.5 3287.47
7.6 3300.87
7.7 3314.02
7.8 3326.9
7.9 3339.54
8 3351.93
8.1 3364.09
8.2 3376.01
8.3 3387.72
8.4 3399.21
8.5 3410.49
8.6 3421.56
8.7 3432.43
8.8 3443.11
8.9 3453.59
9 3463.89
9.1 3474.01
9.2 3483.96
9.3 3493.73
9.4 3503.33
9.5 3512.77
9.6 3522.05
9.7 3531.17
9.8 3540.14
9.9 3548.95
10 3557.6
10.1 3566.1
10.2 3574.46
10.3 3582.71
10.4 3590.83
10.5 3598.83
10.6 3606.72
10.7 3614.5
10.8 3622.16
10.9 3629.72
11 3637.16
11.1 3644.48
11.2 3651.64
11.3 3658.64
11.4 3665.49
11.5 3672.18
11.6 3678.73
11.7 3685.13
11.8 3691.4
11.9 3697.53
12 3703.52
12.1 3709.39
12.2 3715.13
12.3 3720.74
12.4 3726.24
12.5 3731.62
12.6 3736.89
12.7 3742.04
12.8 3747.08
12.9 3752.02
13 3756.86
13.1 3761.59
13.2 3766.23
13.3 3770.77
13.4 3775.21
13.5 3779.57
13.6 3783.83
13.7 3788.01
13.8 3792.1
13.9 3796.1
14 3800.03
14.1 3803.87
14.2 3807.64
14.3 3811.33
14.4 3814.95
14.5 3818.49
14.6 3821.96
14.7 3825.37
14.8 3828.7
14.9 3831.97
15 3835.18
15.1 3838.32
15.2 3841.4
15.3 3844.42
15.4 3847.38
15.5 3850.29
15.6 3853.15
15.7 3855.95
15.8 3858.71
15.9 3861.42
16 3864.08
16.1 3866.69
16.2 3869.26
16.3 3871.79
16.4 3874.28
16.5 3876.73
16.6 3879.14
16.7 3881.51
16.8 3883.84
16.9 3886.13
17 3888.39
17.1 3890.62
17.2 3892.81
17.3 3894.97
17.4 3897.1
17.5 3899.19
17.6 3901.26
17.7 3903.29
17.8 3905.3
17.9 3907.27
18 3909.22
18.1 3911.14
18.2 3913.03
18.3 3914.9
18.4 3916.74
18.5 3918.55
18.6 3920.34
18.7 3922.11
18.8 3923.84
18.9 3925.56
19 3927.25
19.1 3928.92
19.2 3930.57
19.3 3932.19
19.4 3933.8
19.5 3935.38
19.6 3936.94
19.7 3938.47
19.8 3939.99
19.9 3941.49
20 3942.97
20.1 3944.42
20.2 3945.85
20.3 3947.26
20.4 3948.66
20.5 3950.03
20.6 3951.38
20.7 3952.71
20.8 3954.03
20.9 3955.32
21 3956.6
21.1 3957.86
21.2 3959.1
21.3 3960.32
21.4 3961.53
21.5 3962.72
21.6 3963.89
21.7 3965.04
21.8 3966.18
21.9 3967.31
22 3968.42
22.1 3969.51
22.2 3970.59
22.3 3971.65
22.4 3972.7
22.5 3973.73
22.6 3974.75
22.7 3975.75
22.8 3976.74
22.9 3977.72
23 3978.68
23.1 3979.64
23.2 3980.57
23.3 3981.5
23.4 3982.41
23.5 3983.31
23.6 3984.2
23.7 3985.08
23.8 3985.94
23.9 3986.8
24 3987.64
24.1 3988.47
24.2 3989.29
24.3 3990.1
24.4 3990.9
24.5 3991.68
24.6 3992.46
24.7 3993.23
24.8 3993.99
24.9 3994.74
25 3995.47
25.1 3996.2
25.2 3996.92
25.3 3997.63
25.4 3998.33
25.5 3999.02
25.6 3999.7
25.7 4000.38
25.8 4001.04
25.9 4001.7
26 4002.35
26.1 4002.99
26.2 4003.62
26.3 4004.24
26.4 4004.86
26.5 4005.47
26.6 4006.07
26.7 4006.66
26.8 4007.25
26.9 4007.83
27 4008.4
27.1 4008.96
27.2 4009.52
27.3 4010.07
27.4 4010.61
27.5 4011.15
27.6 4011.67
27.7 4012.2
27.8 4012.71
27.9 4013.22
28 4013.73
28.1 4014.23
28.2 4014.72
28.3 4015.2
28.4 4015.68
28.5 4016.16
28.6 4016.63
28.7 4017.09
28.8 4017.55
28.9 4018
29 4018.44
29.1 4018.88
29.2 4019.32
29.3 4019.75
29.4 4020.17
29.5 4020.59
29.6 4021.01
29.7 4021.42
29.8 4021.82
29.9 4022.22
30 4022.62
30.1 4023.01
30.2 4023.39
30.3 4023.78
30.4 4024.15
30.5 4024.52
30.6 4024.89
30.7 4025.26
30.8 4025.62
30.9 4025.97
31 4026.32
31.1 4026.67
31.2 4027.01
31.3 4027.35
31.4 4027.69
31.5 4028.02
31.6 4028.34
31.7 4028.67
31.8 4028.99
31.9 4029.3
32 4029.62
32.1 4029.92
32.2 4030.23
32.3 4030.53
32.4 4030.83
32.5 4031.12
32.6 4031.42
32.7 4031.7
32.8 4031.99
32.9 4032.27
33 4032.55
33.1 4032.82
33.2 4033.09
33.3 4033.36
33.4 4033.62
33.5 4033.89
33.6 4034.15
33.7 4034.4
33.8 4034.65
33.9 4034.9
34 4035.15
34.1 4035.4
34.2 4035.64
34.3 4035.88
34.4 4036.11
34.5 4036.35
34.6 4036.58
34.7 4036.81
34.8 4037.03
34.9 4037.26
35 4037.48
35.1 4037.7
35.2 4037.91
35.3 4038.13
35.4 4038.34
35.5 4038.55
35.6 4038.75
35.7 4038.96
35.8 4039.16
35.9 4039.36
36 4039.56
36.1 4039.76
36.2 4039.95
36.3 4040.14
36.4 4040.33
36.5 4040.52
36.6 4040.7
36.7 4040.89
36.8 4041.07
36.9 4041.25
37 4041.43
37.1 4041.61
37.2 4041.78
37.3 4041.95
37.4 4042.12
37.5 4042.29
37.6 4042.46
37.7 4042.63
37.8 4042.79
37.9 4042.95
38 4043.11
38.1 4043.27
38.2 4043.43
38.3 4043.59
38.4 4043.74
38.5 4043.89
38.6 4044.05
38.7 4044.2
38.8 4044.34
38.9 4044.49
39 4044.64
39.1 4044.78
39.2 4044.92
39.3 4045.07
39.4 4045.21
39.5 4045.34
39.6 4045.48
39.7 4045.62
39.8 4045.75
39.9 4045.89
40 4046.02
40.1 4046.15
40.2 4046.28
40.3 4046.41
40.4 4046.53
40.5 4046.66
40.6 4046.79
40.7 4046.91
40.8 4047.03
40.9 4047.15
41 4047.27
41.1 4047.39
41.2 4047.51
41.3 4047.63
41.4 4047.74
41.5 4047.86
41.6 4047.97
41.7 4048.09
41.8 4048.2
41.9 4048.31
42 4048.42
42.1 4048.53
42.2 4048.64
42.3 4048.74
42.4 4048.85
42.5 4048.95
42.6 4049.06
42.7 4049.16
42.8 4049.26
42.9 4049.37
43 4049.47
43.1 4049.57
43.2 4049.67
43.3 4049.76
43.4 4049.86
43.5 4049.96
43.6 4050.05
43.7 4050.15
43.8 4050.24
43.9 4050.33
44 4050.43
44.1 4050.52
44.2 4050.61
44.3 4050.7
44.4 4050.79
44.5 4050.88
44.6 4050.96
44.7 4051.05
44.8 4051.14
44.9 4051.22
45 4051.31
45.1 4051.39
45.2 4051.48
45.3 4051.56
45.4 4051.64
45.5 4051.72
45.6 4051.8
45.7 4051.88
45.8 4051.96
45.9 4052.04
46 4052.12
46.1 4052.2
46.2 4052.27
46.3 4052.35
46.4 4052.43
46.5 4052.5
46.6 4052.58
46.7 4052.65
46.8 4052.72
46.9 4052.8
47 4052.87
47.1 4052.94
47.2 4053.01
47.3 4053.08
47.4 4053.15
47.5 4053.22
47.6 4053.29
47.7 4053.36
47.8 4053.43
47.9 4053.5
48 4053.56
48.1 4053.63
48.2 4053.69
48.3 4053.76
48.4 4053.83
48.5 4053.89
48.6 4053.95
48.7 4054.02
48.8 4054.08
48.9 4054.14
49 4054.21
49.1 4054.27
49.2 4054.33
49.3 4054.39
49.4 4054.45
49.5 4054.51
49.6 4054.57
49.7 4054.63
49.8 4054.69
49.9 4054.75
50 4054.81
50.1 4054.87
50.2 4054.92
50.3 4054.98
50.4 4055.04
50.5 4055.09
50.6 4055.15
50.7 4055.2
50.8 4055.26
50.9 4055.31
51 4055.37
51.1 4055.42
51.2 4055.48
51.3 4055.53
51.4 4055.58
51.5 4055.63
51.6 4055.69
51.7 4055.74
51.8 4055.79
51.9 4055.84
52 4055.89
52.1 4055.94
52.2 4055.99
52.3 4056.04
52.4 4056.09
52.5 4056.14
52.6 4056.19
52.7 4056.24
52.8 4056.29
52.9 4056.34
53 4056.38
53.1 4056.43
53.2 4056.48
53.3 4056.52
53.4 4056.57
53.5 4056.62
53.6 4056.66
53.7 4056.71
53.8 4056.75
53.9 4056.8
54 4056.84
54.1 4056.89
54.2 4056.93
54.3 4056.98
54.4 4057.02
54.5 4057.06
54.6 4057.11
54.7 4057.15
54.8 4057.19
54.9 4057.23
55 4057.28
55.1 4057.32
55.2 4057.36
55.3 4057.4
55.4 4057.44
55.5 4057.48
55.6 4057.52
55.7 4057.56
55.8 4057.6
55.9 4057.64
56 4057.68
56.1 4057.72
56.2 4057.76
56.3 4057.8
56.4 4057.84
56.5 4057.88
56.6 4057.91
56.7 4057.95
56.8 4057.99
56.9 4058.03
57 4058.06
57.1 4058.1
57.2 4058.14
57.3 4058.17
57.4 4058.21
57.5 4058.25
57.6 4058.28
57.7 4058.32
57.8 4058.35
57.9 4058.39
58 4058.42
58.1 4058.46
58.2 4058.49
58.3 4058.53
58.4 4058.56
58.5 4058.59
58.6 4058.63
58.7 4058.66
58.8 4058.69
58.9 4058.73
59 4058.76
59.1 4058.79
59.2 4058.82
59.3 4058.85
59.4 4058.89
59.5 4058.92
59.6 4058.95
59.7 4058.98
59.8 4059.01
59.9 4059.04
60 4059.07
60.1 4059.1
60.2 4059.13
60.3 4059.16
60.4 4059.19
60.5 4059.22
60.6 4059.25
60.7 4059.28
60.8 4059.31
60.9 4059.34
61 4059.37
61.1 4059.4
61.2 4059.43
61.3 4059.45
61.4 4059.48
61.5 4059.51
61.6 4059.54
61.7 4059.56
61.8 4059.59
61.9 4059.62
62 4059.65
62.1 4059.67
62.2 4059.7
62.3 4059.72
62.4 4059.75
62.5 4059.78
62.6 4059.8
62.7 4059.83
62.8 4059.85
62.9 4059.88
63 4059.9
63.1 4059.93
63.2 4059.95
63.3 4059.98
63.4 4060
63.5 4060.03
63.6 4060.05
63.7 4060.08
63.8 4060.1
63.9 4060.12
64 4060.15
64.1 4060.17
64.2 4060.19
64.3 4060.22
64.4 4060.24
64.5 4060.26
64.6 4060.29
64.7 4060.31
64.8 4060.33
64.9 4060.35
65 4060.37
65.1 4060.4
65.2 4060.42
65.3 4060.44
65.4 4060.46
65.5 4060.48
65.6 4060.5
65.7 4060.53
65.8 4060.55
65.9 4060.57
66 4060.59
66.1 4060.61
66.2 4060.63
66.3 4060.65
66.4 4060.67
66.5 4060.69
66.6 4060.71
66.7 4060.73
66.8 4060.75
66.9 4060.77
67 4060.79
67.1 4060.81
67.2 4060.82
67.3 4060.84
67.4 4060.86
67.5 4060.88
67.6 4060.9
67.7 4060.92
67.8 4060.94
67.9 4060.95
68 4060.97
68.1 4060.99
68.2 4061.01
68.3 4061.03
68.4 4061.04
68.5 4061.06
68.6 4061.08
68.7 4061.1
68.8 4061.11
68.9 4061.13
69 4061.15
69.1 4061.16
69.2 4061.18
69.3 4061.2
69.4 4061.21
69.5 4061.23
69.6 4061.24
69.7 4061.26
69.8 4061.28
69.9 4061.29
70 4061.31
